47.333333333333336
52.0
73.33333333333333
73.33333333333333
65.0
74.0
34.666666666666664
53.666666666666664
51.0
72.33333333333333
45.0
47.666666666666664
61.333333333333336
46.666666666666664
69.66666666666667
79.0
52.0
79.66666666666667
70.33333333333333
64.66666666666667
54.0
64.0
35.0
53.0
38.0
62.333333333333336
65.33333333333333
35.0
61.333333333333336
76.33333333333333
66.0
68.66666666666667
60.0
59.0
80.33333333333333
70.33333333333333
50.333333333333336
57.666666666666664
73.0
67.0
66.0
53.666666666666664
93.33333333333333
69.66666666666667
62.0
69.66666666666667
56.666666666666664
60.0
54.333333333333336
61.333333333333336
79.0
54.666666666666664
65.33333333333333
35.666666666666664
50.333333333333336
64.66666666666667
44.666666666666664
43.333333333333336
54.333333333333336
67.33333333333333
53.333333333333336
55.666666666666664
65.66666666666667
66.66666666666667
56.0
50.333333333333336
62.0
72.33333333333333
34.0
64.66666666666667
64.0
38.666666666666664
75.0
46.0
63.0
49.333333333333336
59.0
68.33333333333333
60.07692307692308 56.44871794871795 62.67948717948718